0 069364.jpg -1 -1  1 -1 -1 -1 -1 -1 -1  1 -1 -1 -1 -1 -1 -1 -1 -1 -1 -1  1 -1 -1 -1  1 -1 -1 -1 -1 -1 -1 -1  1 -1 -1 -1 -1 -1 -1  1
1 013138.jpg -1 -1  1 -1 -1 -1  1 -1  1 -1 -1 -1  1 -1 -1 -1 -1 -1 -1 -1  1 -1 -1 -1  1 -1 -1 -1 -1 -1 -1 -1  1 -1 -1 -1 -1 -1 -1  1
2 088346.jpg -1 -1 -1  1 -1 -1  1  1  1 -1 -1 -1 -1 -1 -1 -1 -1 -1 -1  1  1  1  1 -1 -1 -1 -1 -1 -1 -1 -1  1 -1 -1 -1 -1 -1 -1 -1 -1
3 055752.jpg -1 -1 -1  1 -1 -1 -1  1 -1 -1 -1  1 -1  1 -1 -1 -1 -1 -1 -1  1  1 -1 -1 -1 -1 -1 -1 -1 -1  1  1  1 -1 -1 -1 -1 -1  1 -1
4 147449.jpg 1  1  1  1 -1 -1  1 -1 -1 -1 -1  1  1 -1 -1 -1 -1 -1 -1 -1  1 -1 -1 -1 -1 -1 -1  1 -1 -1 -1 -1 -1  1 -1 -1 -1 -1 -1  1
5 053185.jpg -1  1 -1  1 -1 -1 -1 -1  1 -1 -1 -1 -1 -1 -1 -1  1 -1 -1 -1  1 -1  1 -1 -1 -1 -1 -1 -1 -1 -1 -1  1 -1 -1 -1 -1 -1  1  1
6 158845.jpg -1 -1  1 -1 -1 -1  1 -1 -1 -1 -1 -1 -1  1 -1 -1 -1 -1  1  1 -1 -1 -1  1  1 -1 -1 -1 -1 -1 -1 -1 -1  1  1 -1  1 -1 -1  1
7 127288.jpg 1 -1  1 -1 -1 -1  1 -1  1 -1 -1 -1  1 -1 -1 -1 -1 -1 -1 -1  1 -1  1 -1 -1 -1 -1 -1 -1 -1  1 -1 -1 -1 -1 -1 -1 -1 -1  1
8 000605.jpg -1  1  1 -1 -1 -1 -1 -1 -1  1 -1 -1 -1 -1 -1 -1 -1 -1  1  1 -1  1 -1  1  1 -1 -1  1 -1  1 -1  1 -1  1 -1 -1  1 -1 -1 -1
9 113108.jpg -1 -1  1 -1 -1 -1 -1 -1 -1 -1 -1 -1 -1 -1 -1 -1 -1 -1  1  1 -1  1 -1 -1  1  1 -1  1 -1  1 -1  1 -1 -1 -1 -1  1 -1 -1  1
10 090668.jpg 1 -1 -1 -1 -1 -1 -1 -1  1 -1 -1  1  1 -1 -1 -1 -1 -1 -1 -1  1 -1 -1 -1 -1 -1 -1 -1 -1 -1 -1 -1  1 -1 -1 -1 -1 -1 -1  1
11 178669.jpg -1  1  1  1 -1 -1  1  1  1 -1 -1 -1  1 -1 -1 -1 -1 -1 -1  1  1  1 -1 -1  1 -1 -1 -1 -1 -1 -1  1 -1 -1 -1 -1 -1 -1 -1  1
12 103090.jpg 1 -1  1 -1 -1 -1 -1 -1  1 -1 -1 -1  1 -1 -1 -1  1 -1 -1 -1  1 -1  1 -1 -1 -1 -1  1 -1 -1  1 -1  1 -1 -1 -1 -1 -1  1  1
13 120268.jpg -1 -1  1 -1 -1  1 -1 -1 -1 -1 -1  1 -1 -1 -1 -1 -1 -1  1  1 -1 -1 -1  1  1 -1 -1 -1 -1  1 -1  1 -1 -1 -1 -1  1 -1 -1  1
14 159031.jpg -1  1  1 -1 -1 -1 -1 -1 -1 -1 -1  1 -1 -1 -1 -1 -1 -1 -1  1 -1  1 -1 -1  1 -1 -1 -1 -1 -1 -1  1  1 -1 -1 -1  1 -1 -1  1
15 114253.jpg -1  1  1 -1 -1 -1 -1 -1 -1 -1 -1  1 -1 -1 -1 -1 -1 -1 -1  1 -1  1 -1 -1  1  1 -1  1 -1 -1 -1  1 -1 -1 -1 -1 -1 -1 -1  1
16 124670.jpg 1  1 -1  1 -1 -1  1  1  1 -1 -1 -1  1  1 -1 -1 -1 -1 -1 -1  1 -1 -1 -1 -1 -1 -1 -1 -1 -1  1  1 -1 -1 -1 -1 -1 -1 -1 -1
17 042174.jpg -1  1 -1 -1 -1 -1 -1 -1 -1 -1 -1  1 -1 -1 -1 -1 -1 -1  1 -1 -1 -1 -1  1  1 -1 -1 -1 -1 -1 -1 -1 -1 -1 -1 -1  1  1 -1  1
18 078260.jpg -1  1  1 -1 -1 -1  1 -1 -1  1 -1 -1 -1 -1 -1 -1 -1 -1  1  1 -1 -1 -1 -1  1  1 -1  1 -1 -1 -1 -1 -1  1  1 -1  1  1 -1  1
19 156964.jpg -1  1  1 -1 -1 -1  1 -1 -1 -1 -1  1 -1 -1 -1 -1 -1 -1  1  1 -1 -1 -1 -1  1  1 -1  1 -1  1 -1  1  1 -1  1 -1  1 -1 -1  1
20 160045.jpg -1 -1 -1 -1 -1  1 -1 -1 -1 -1 -1  1 -1 -1 -1 -1 -1 -1  1 -1 -1 -1 -1 -1  1 -1 -1  1 -1 -1 -1 -1 -1  1 -1 -1  1  1 -1  1
21 174631.jpg -1  1 -1  1 -1 -1 -1 -1 -1  1 -1 -1 -1 -1 -1 -1 -1 -1 -1  1 -1  1 -1 -1  1 -1 -1 -1 -1 -1 -1  1  1 -1 -1 -1 -1  1 -1  1
22 127966.jpg -1 -1 -1 -1 -1 -1  1 -1  1 -1 -1 -1  1 -1 -1 -1  1 -1 -1 -1  1 -1  1 -1 -1  1 -1  1 -1 -1  1  1 -1 -1 -1 -1 -1 -1 -1 -1
23 134052.jpg -1 -1 -1  1 -1  1  1  1 -1 -1 -1 -1  1  1  1 -1 -1 -1 -1  1  1 -1  1 -1 -1 -1 -1 -1 -1 -1 -1  1  1 -1 -1 -1 -1 -1 -1 -1
24 001821.jpg -1 -1 -1 -1 -1  1 -1 -1 -1 -1 -1  1 -1 -1 -1 -1 -1 -1 -1 -1 -1  1 -1 -1  1 -1  1 -1 -1 -1 -1 -1  1 -1 -1 -1  1 -1 -1  1
25 001527.jpg -1 -1 -1 -1 -1 -1 -1 -1  1 -1 -1 -1  1 -1 -1 -1 -1 -1 -1 -1  1 -1 -1 -1  1 -1 -1  1 -1 -1 -1 -1  1 -1 -1 -1 -1 -1 -1  1
26 019931.jpg -1 -1 -1  1 -1 -1 -1  1 -1 -1 -1 -1 -1 -1  1 -1 -1  1 -1 -1  1  1 -1 -1  1 -1 -1 -1 -1 -1 -1  1 -1 -1 -1 -1 -1 -1  1 -1
27 178934.jpg -1  1  1 -1 -1 -1 -1 -1 -1 -1 -1  1 -1 -1 -1 -1 -1 -1  1 -1 -1  1 -1 -1  1  1 -1  1 -1 -1 -1  1  1 -1 -1 -1  1 -1 -1  1
28 134475.jpg -1 -1  1 -1 -1 -1 -1 -1 -1 -1 -1 -1  1 -1 -1 -1  1 -1 -1 -1  1 -1  1 -1 -1 -1 -1 -1 -1 -1  1 -1 -1 -1 -1  1 -1 -1 -1  1
29 177987.jpg -1 -1 -1 -1 -1  1 -1 -1 -1 -1 -1  1 -1 -1 -1 -1 -1 -1 -1 -1 -1 -1 -1 -1  1 -1 -1  1 -1 -1 -1 -1 -1 -1 -1 -1 -1 -1 -1  1
30 068033.jpg -1  1  1 -1 -1 -1 -1 -1 -1 -1  1  1 -1 -1 -1 -1 -1 -1 -1 -1 -1 -1 -1 -1  1 -1 -1 -1 -1 -1 -1 -1  1 -1 -1  1 -1 -1 -1  1
31 045396.jpg -1 -1 -1  1 -1 -1 -1  1 -1 -1 -1 -1 -1  1  1 -1 -1  1 -1 -1  1  1 -1 -1  1 -1 -1 -1 -1 -1 -1 -1  1 -1 -1 -1 -1 -1  1 -1
32 181563.jpg -1 -1 -1 -1 -1 -1 -1 -1 -1 -1 -1  1  1 -1 -1 -1 -1 -1 -1 -1  1  1 -1 -1  1 -1  1 -1 -1 -1 -1 -1 -1 -1 -1 -1 -1 -1 -1  1
33 084192.jpg 1 -1 -1 -1 -1 -1 -1 -1 -1 -1 -1 -1 -1 -1 -1 -1 -1 -1 -1 -1  1 -1  1 -1 -1 -1 -1 -1 -1 -1  1 -1  1 -1 -1 -1 -1 -1 -1  1
34 030232.jpg -1 -1 -1 -1 -1 -1  1 -1 -1 -1 -1  1 -1 -1 -1 -1 -1 -1  1 -1 -1 -1 -1 -1  1  1 -1 -1 -1 -1 -1 -1 -1 -1 -1  1  1 -1 -1  1
35 113580.jpg -1  1  1 -1 -1 -1 -1 -1 -1 -1 -1 -1 -1 -1 -1 -1 -1 -1  1  1 -1  1 -1 -1  1 -1 -1 -1 -1  1 -1  1 -1  1 -1 -1  1  1 -1  1
36 074766.jpg -1  1 -1 -1 -1  1 -1 -1 -1 -1 -1  1 -1 -1 -1 -1 -1 -1  1 -1 -1 -1 -1 -1  1 -1 -1  1 -1  1 -1 -1 -1 -1  1 -1  1 -1 -1  1
37 092384.jpg -1 -1  1 -1 -1 -1  1 -1 -1 -1 -1  1  1 -1 -1 -1 -1 -1 -1 -1 -1 -1 -1 -1  1 -1 -1 -1 -1 -1 -1 -1  1 -1 -1 -1  1 -1 -1  1
38 068437.jpg -1  1 -1 -1 -1 -1 -1 -1  1 -1 -1 -1 -1 -1 -1 -1 -1 -1  1 -1 -1 -1 -1 -1  1 -1 -1 -1 -1 -1 -1 -1  1 -1 -1 -1 -1 -1 -1  1
39 008498.jpg -1 -1  1 -1 -1  1 -1 -1 -1  1 -1  1 -1 -1 -1 -1 -1 -1  1  1 -1  1 -1 -1  1 -1 -1 -1 -1  1 -1  1 -1 -1  1 -1  1 -1 -1  1
40 047646.jpg -1  1  1 -1 -1 -1 -1 -1 -1 -1 -1 -1 -1 -1 -1 -1 -1 -1  1  1 -1  1 -1 -1  1 -1 -1  1 -1  1 -1  1 -1 -1  1 -1  1 -1 -1  1
41 087767.jpg -1  1  1 -1 -1 -1  1 -1 -1 -1 -1  1 -1 -1 -1 -1 -1 -1 -1 -1 -1 -1 -1 -1  1  1 -1 -1 -1 -1 -1 -1 -1 -1 -1 -1  1 -1 -1  1
42 125106.jpg -1 -1 -1 -1 -1 -1 -1 -1 -1 -1 -1  1 -1 -1 -1 -1 -1 -1 -1 -1 -1 -1 -1  1  1 -1  1 -1 -1 -1 -1 -1 -1 -1 -1 -1 -1  1 -1  1
43 089728.jpg -1 -1  1 -1 -1 -1 -1 -1 -1 -1 -1  1 -1 -1 -1 -1 -1 -1  1 -1 -1 -1 -1 -1  1 -1 -1 -1 -1 -1 -1 -1 -1 -1  1 -1  1 -1 -1  1
44 121634.jpg -1  1  1 -1 -1 -1  1 -1 -1 -1 -1  1  1 -1 -1 -1 -1 -1  1 -1 -1 -1 -1 -1  1 -1 -1 -1 -1 -1 -1 -1 -1 -1  1 -1  1 -1 -1  1
45 149076.jpg -1  1 -1 -1 -1  1  1 -1 -1 -1 -1  1 -1 -1 -1 -1 -1 -1  1 -1 -1 -1 -1 -1  1  1 -1  1 -1 -1 -1 -1 -1 -1  1 -1  1 -1 -1  1
46 053455.jpg -1 -1 -1 -1 -1 -1 -1 -1 -1 -1 -1  1 -1 -1 -1 -1 -1 -1 -1 -1 -1 -1 -1 -1  1 -1 -1 -1 -1 -1 -1 -1 -1 -1 -1 -1 -1 -1 -1  1
47 173289.jpg -1 -1  1 -1 -1 -1 -1 -1 -1 -1 -1 -1 -1 -1 -1 -1 -1 -1  1  1 -1 -1 -1 -1  1  1 -1 -1 -1 -1 -1  1  1 -1  1 -1  1  1 -1  1
48 126832.jpg -1  1  1 -1 -1  1  1 -1 -1 -1 -1  1 -1 -1 -1 -1 -1 -1  1  1 -1 -1 -1 -1  1  1 -1 -1 -1  1 -1  1  1 -1  1 -1  1  1 -1  1
49 044607.jpg -1 -1 -1 -1 -1 -1 -1 -1 -1 -1 -1 -1 -1 -1 -1 -1 -1 -1  1 -1 -1 -1 -1 -1  1 -1 -1  1 -1 -1 -1 -1 -1  1  1 -1  1 -1 -1  1
50 174334.jpg -1  1  1 -1 -1 -1  1 -1 -1  1 -1 -1 -1 -1 -1 -1 -1 -1  1 -1 -1 -1 -1 -1  1 -1 -1  1 -1 -1 -1 -1  1 -1 -1 -1  1 -1 -1  1
51 106291.jpg -1  1  1 -1 -1 -1  1 -1 -1 -1 -1  1 -1 -1 -1 -1 -1 -1  1  1 -1  1 -1 -1  1 -1 -1 -1 -1  1 -1  1 -1 -1 -1 -1  1 -1 -1  1
52 134804.jpg -1  1  1 -1 -1 -1 -1 -1 -1 -1 -1  1 -1 -1 -1 -1 -1 -1 -1  1 -1  1 -1 -1  1 -1 -1  1 -1 -1 -1  1 -1 -1  1  1 -1  1 -1  1
53 141871.jpg -1 -1  1 -1 -1 -1  1 -1  1 -1 -1 -1  1 -1 -1 -1 -1 -1  1  1 -1  1 -1 -1  1  1 -1 -1 -1  1 -1  1  1 -1 -1 -1  1 -1 -1  1
54 111687.jpg -1  1  1 -1 -1  1 -1 -1 -1  1 -1 -1 -1 -1 -1 -1 -1 -1  1  1 -1  1 -1 -1  1 -1 -1  1 -1 -1 -1  1  1 -1  1 -1  1  1 -1 -1
55 113333.jpg -1  1  1 -1 -1 -1  1 -1 -1 -1 -1  1 -1 -1 -1 -1 -1 -1 -1 -1 -1 -1 -1 -1  1 -1 -1 -1 -1 -1 -1 -1  1 -1 -1 -1  1 -1 -1  1
56 071056.jpg -1  1 -1 -1 -1 -1 -1 -1 -1 -1 -1  1 -1 -1 -1 -1 -1 -1  1  1 -1  1 -1 -1  1 -1 -1 -1 -1 -1 -1  1 -1 -1  1 -1  1  1 -1  1
57 159358.jpg -1  1  1 -1 -1 -1 -1 -1 -1 -1 -1  1 -1 -1 -1 -1 -1 -1  1  1 -1  1 -1 -1  1  1 -1 -1 -1  1 -1  1 -1 -1 -1 -1  1 -1 -1  1
58 145398.jpg -1 -1 -1 -1 -1 -1  1 -1 -1 -1 -1  1 -1 -1 -1  1 -1 -1 -1  1 -1 -1 -1 -1  1 -1 -1 -1 -1 -1 -1  1 -1 -1 -1 -1 -1 -1 -1  1
59 011262.jpg -1  1  1 -1 -1  1 -1 -1 -1 -1 -1  1 -1 -1 -1 -1 -1 -1  1  1 -1 -1 -1 -1  1  1 -1  1 -1  1 -1  1 -1 -1 -1 -1  1 -1 -1  1
60 080591.jpg -1  1  1 -1 -1 -1 -1 -1  1 -1 -1 -1 -1 -1 -1 -1 -1 -1  1  1 -1 -1 -1 -1  1  1 -1 -1 -1 -1 -1  1  1 -1  1 -1  1 -1 -1  1
61 046563.jpg -1  1  1 -1 -1 -1 -1 -1 -1 -1 -1  1 -1 -1 -1 -1 -1 -1  1 -1 -1 -1 -1 -1  1 -1  1  1 -1 -1 -1 -1  1 -1 -1 -1  1 -1 -1  1
62 018536.jpg -1  1  1 -1 -1 -1 -1 -1 -1  1 -1 -1 -1 -1 -1 -1 -1 -1  1  1 -1 -1 -1 -1  1 -1 -1 -1 -1 -1 -1  1 -1 -1 -1 -1  1 -1 -1  1
63 181630.jpg -1  1  1 -1 -1 -1 -1 -1 -1 -1 -1  1 -1 -1 -1 -1 -1 -1  1  1 -1  1 -1 -1  1  1 -1 -1 -1 -1 -1  1  1 -1 -1 -1  1 -1 -1  1
64 033984.jpg -1  1 -1 -1 -1  1  1 -1 -1 -1 -1  1 -1 -1 -1 -1 -1 -1  1 -1 -1 -1 -1 -1  1 -1 -1  1 -1 -1 -1 -1 -1  1 -1 -1  1 -1 -1  1
65 125592.jpg -1 -1 -1 -1 -1 -1 -1 -1 -1 -1 -1 -1 -1 -1 -1  1 -1 -1 -1 -1 -1  1 -1 -1  1 -1 -1 -1 -1 -1 -1  1  1 -1 -1 -1 -1 -1 -1  1
66 094626.jpg 1 -1 -1  1 -1 -1 -1  1 -1 -1 -1 -1 -1 -1 -1 -1 -1  1 -1 -1  1 -1 -1 -1  1 -1 -1 -1 -1 -1 -1  1  1 -1 -1 -1 -1 -1  1 -1
67 020805.jpg -1 -1 -1  1 -1 -1 -1  1 -1 -1 -1 -1 -1  1  1 -1 -1 -1 -1 -1  1 -1 -1 -1  1 -1 -1 -1 -1 -1 -1 -1 -1 -1 -1  1 -1  1 -1 -1
68 089549.jpg -1 -1  1 -1 -1 -1 -1 -1 -1 -1  1  1 -1 -1 -1 -1 -1 -1 -1 -1 -1 -1 -1 -1  1 -1 -1 -1 -1 -1 -1 -1 -1 -1 -1 -1 -1 -1 -1  1
69 042385.jpg -1  1  1 -1 -1 -1 -1 -1 -1 -1 -1  1 -1 -1 -1 -1 -1 -1  1 -1 -1 -1 -1 -1  1 -1 -1 -1 -1 -1 -1 -1 -1 -1 -1 -1  1 -1 -1  1
70 181800.jpg -1 -1 -1  1 -1 -1 -1 -1  1 -1 -1 -1  1 -1 -1 -1 -1 -1 -1  1  1  1 -1 -1  1 -1 -1 -1 -1 -1 -1  1  1 -1 -1 -1 -1 -1  1 -1
71 167766.jpg -1  1  1 -1 -1 -1 -1 -1  1 -1 -1 -1 -1 -1 -1 -1 -1 -1  1 -1 -1 -1 -1 -1  1  1 -1  1 -1 -1 -1 -1 -1 -1 -1 -1  1 -1 -1  1
72 131654.jpg -1  1 -1 -1 -1 -1  1 -1 -1 -1 -1  1 -1 -1 -1 -1 -1 -1 -1 -1 -1 -1 -1 -1  1 -1 -1 -1 -1 -1 -1 -1 -1  1 -1 -1  1 -1 -1  1
73 142465.jpg -1 -1 -1 -1 -1 -1 -1 -1 -1 -1 -1  1 -1 -1 -1 -1 -1 -1 -1 -1  1 -1 -1 -1 -1 -1 -1 -1 -1 -1 -1 -1  1 -1 -1 -1 -1 -1 -1  1
74 143847.jpg -1 -1 -1 -1 -1 -1  1 -1 -1 -1  1  1 -1 -1 -1 -1 -1 -1 -1 -1  1 -1 -1 -1  1 -1 -1 -1 -1 -1 -1 -1 -1  1 -1 -1 -1  1 -1  1
75 112432.jpg -1 -1 -1 -1 -1 -1  1 -1  1 -1 -1 -1 -1 -1 -1 -1 -1 -1  1 -1 -1 -1 -1 -1  1 -1 -1 -1 -1 -1 -1 -1 -1  1 -1 -1  1  1 -1  1
76 044609.jpg -1 -1 -1 -1 -1  1 -1 -1 -1 -1 -1  1 -1 -1 -1 -1 -1 -1 -1 -1  1 -1 -1 -1  1 -1 -1 -1 -1 -1 -1 -1 -1  1 -1 -1 -1  1 -1  1
77 022857.jpg -1 -1 -1 -1 -1 -1 -1 -1 -1 -1  1  1 -1 -1 -1 -1 -1 -1 -1 -1 -1 -1 -1 -1  1 -1 -1 -1  1 -1 -1 -1 -1  1 -1 -1 -1 -1 -1  1
78 067493.jpg -1  1 -1 -1 -1 -1  1 -1  1 -1 -1 -1 -1 -1 -1 -1 -1 -1  1 -1 -1 -1 -1 -1  1  1 -1 -1 -1 -1 -1 -1 -1 -1  1 -1  1  1 -1  1
79 002430.jpg -1 -1 -1 -1 -1 -1  1 -1 -1  1 -1 -1 -1 -1 -1 -1 -1 -1  1 -1 -1  1 -1 -1  1 -1 -1 -1 -1 -1 -1 -1 -1  1 -1 -1  1 -1 -1  1
80 142183.jpg -1 -1 -1 -1 -1  1 -1  1 -1 -1 -1 -1 -1 -1 -1  1 -1 -1 -1  1  1  1 -1  1  1 -1 -1 -1 -1 -1 -1  1 -1 -1 -1 -1 -1  1 -1  1
81 025174.jpg -1 -1 -1 -1 -1 -1  1 -1 -1  1 -1 -1 -1 -1 -1 -1 -1 -1 -1 -1 -1  1 -1 -1  1 -1 -1 -1  1 -1 -1 -1 -1 -1 -1 -1 -1 -1 -1 -1
82 140520.jpg -1  1  1 -1 -1 -1  1 -1 -1 -1 -1 -1 -1 -1 -1 -1 -1 -1  1  1 -1  1 -1 -1  1 -1 -1  1 -1  1 -1  1 -1 -1  1 -1  1 -1 -1 -1
83 163256.jpg -1  1  1 -1 -1 -1  1 -1 -1 -1 -1  1 -1 -1 -1 -1 -1 -1  1 -1 -1 -1 -1 -1  1  1 -1  1 -1 -1 -1 -1  1 -1  1 -1  1  1 -1  1
84 172980.jpg -1  1  1 -1 -1 -1 -1 -1 -1 -1 -1  1 -1 -1 -1 -1 -1 -1 -1 -1 -1 -1 -1 -1  1 -1 -1 -1 -1 -1 -1 -1 -1  1 -1 -1 -1 -1 -1  1
85 134888.jpg -1 -1 -1 -1 -1  1 -1 -1 -1 -1  1 -1 -1 -1 -1 -1 -1 -1 -1  1 -1  1 -1 -1  1 -1 -1  1 -1 -1 -1 -1 -1 -1 -1 -1 -1 -1 -1  1
86 136490.jpg -1 -1 -1 -1 -1 -1  1 -1 -1 -1 -1 -1 -1 -1 -1 -1 -1 -1 -1 -1 -1 -1 -1 -1  1 -1 -1 -1 -1 -1 -1 -1 -1 -1  1  1 -1 -1 -1  1
87 091776.jpg -1  1 -1 -1 -1  1  1 -1 -1 -1 -1 -1 -1 -1 -1 -1 -1 -1  1  1 -1 -1 -1 -1  1 -1 -1 -1 -1 -1 -1 -1 -1 -1  1 -1  1 -1 -1  1
88 041310.jpg -1  1  1 -1 -1 -1 -1 -1 -1 -1 -1  1  1 -1 -1 -1 -1 -1  1 -1 -1 -1 -1 -1  1  1 -1  1 -1 -1 -1 -1 -1 -1  1 -1  1  1 -1  1
89 122609.jpg -1  1  1 -1 -1 -1  1 -1 -1  1 -1 -1 -1 -1 -1 -1 -1 -1  1 -1 -1 -1 -1 -1  1 -1 -1 -1 -1 -1 -1 -1 -1  1 -1 -1  1 -1 -1  1
90 029898.jpg -1 -1  1 -1 -1 -1 -1 -1 -1 -1 -1  1 -1 -1 -1 -1 -1 -1  1 -1 -1 -1 -1 -1  1 -1 -1  1 -1 -1 -1 -1 -1  1 -1 -1  1 -1 -1  1
91 175855.jpg -1 -1 -1 -1 -1 -1 -1 -1 -1  1  1 -1 -1 -1 -1 -1 -1 -1 -1 -1 -1 -1 -1 -1  1 -1 -1 -1 -1 -1 -1 -1 -1 -1 -1 -1 -1  1 -1  1
92 054368.jpg -1 -1 -1 -1 -1 -1 -1 -1 -1 -1 -1 -1 -1 -1 -1 -1  1 -1 -1 -1  1  1  1  1 -1 -1 -1 -1 -1 -1  1  1 -1 -1 -1 -1 -1 -1 -1 -1
93 114212.jpg -1  1 -1 -1 -1 -1  1  1 -1 -1 -1 -1 -1 -1 -1 -1 -1 -1 -1  1 -1  1 -1  1  1 -1 -1 -1  1 -1 -1  1 -1 -1  1 -1 -1 -1 -1  1
94 043625.jpg -1  1  1 -1 -1 -1 -1  1  1 -1 -1 -1 -1 -1 -1 -1 -1 -1  1  1 -1  1 -1 -1  1 -1 -1 -1 -1 -1 -1  1 -1  1 -1  1  1 -1 -1  1
95 090380.jpg -1  1  1 -1 -1 -1 -1 -1 -1 -1 -1  1 -1 -1 -1 -1 -1 -1 -1  1 -1  1 -1 -1  1 -1 -1  1 -1 -1 -1  1 -1  1  1 -1 -1 -1 -1  1
96 077739.jpg -1  1  1 -1 -1 -1  1 -1 -1  1 -1 -1 -1 -1 -1 -1 -1 -1  1  1 -1  1 -1 -1  1  1 -1 -1 -1  1 -1  1 -1  1 -1 -1  1  1 -1  1
97 002525.jpg -1 -1  1  1 -1 -1 -1 -1 -1 -1 -1  1 -1 -1 -1 -1 -1 -1 -1  1 -1  1 -1 -1  1 -1 -1 -1 -1 -1 -1  1  1 -1 -1 -1  1 -1 -1  1
98 086543.jpg -1  1 -1 -1 -1 -1  1  1 -1 -1 -1 -1  1 -1 -1 -1 -1 -1  1  1 -1  1 -1 -1  1  1 -1  1 -1 -1 -1  1 -1  1 -1 -1  1  1 -1  1
99 092096.jpg 1 -1 -1 -1 -1 -1  1  1 -1 -1 -1 -1 -1 -1 -1 -1  1 -1 -1 -1  1 -1 -1 -1 -1 -1 -1 -1 -1 -1  1 -1 -1 -1 -1 -1 -1 -1 -1  1
100 122537.jpg -1 -1  1 -1 -1 -1  1 -1 -1  1 -1  1 -1 -1 -1 -1 -1 -1 -1  1  1  1 -1  1  1 -1 -1  1 -1 -1 -1  1  1 -1 -1 -1 -1 -1 -1  1
101 013396.jpg 1 -1  1  1 -1 -1 -1  1 -1 -1 -1  1 -1 -1 -1 -1 -1 -1 -1 -1  1 -1 -1 -1 -1 -1 -1 -1 -1 -1 -1 -1  1 -1 -1 -1 -1 -1 -1  1
102 075843.jpg 1 -1 -1  1 -1 -1 -1 -1  1 -1 -1 -1  1 -1 -1 -1 -1 -1 -1 -1  1 -1 -1 -1  1 -1 -1  1 -1 -1 -1 -1 -1 -1 -1 -1 -1 -1  1  1
103 180088.jpg -1 -1  1 -1 -1  1  1 -1 -1  1 -1 -1 -1 -1 -1 -1 -1 -1  1  1 -1  1 -1 -1  1 -1 -1  1 -1 -1 -1  1  1 -1 -1 -1  1  1 -1  1
104 149202.jpg -1 -1  1 -1 -1 -1  1 -1 -1  1 -1 -1 -1 -1 -1 -1 -1 -1 -1 -1 -1 -1 -1 -1  1 -1 -1 -1 -1 -1 -1 -1 -1 -1 -1 -1 -1 -1 -1  1
105 167340.jpg -1 -1  1 -1 -1 -1  1 -1 -1  1 -1 -1 -1 -1 -1 -1 -1 -1  1 -1 -1  1 -1 -1  1  1 -1 -1 -1 -1 -1 -1 -1  1 -1 -1  1  1 -1  1
106 135748.jpg -1 -1 -1 -1 -1 -1  1 -1 -1 -1 -1  1 -1 -1 -1 -1 -1 -1 -1 -1 -1 -1 -1 -1  1 -1  1  1 -1 -1 -1 -1 -1 -1 -1 -1 -1 -1 -1  1
107 108091.jpg -1 -1 -1 -1 -1  1  1 -1 -1  1 -1  1 -1 -1 -1 -1 -1 -1 -1 -1 -1 -1 -1 -1  1  1 -1  1 -1 -1 -1 -1 -1  1 -1 -1 -1 -1 -1 -1
108 098870.jpg -1  1 -1 -1 -1  1 -1 -1 -1  1 -1  1 -1 -1 -1 -1 -1 -1 -1 -1 -1 -1 -1 -1  1 -1 -1 -1 -1 -1 -1 -1 -1 -1  1 -1 -1  1 -1 -1
109 176572.jpg -1  1 -1 -1 -1 -1  1 -1 -1 -1 -1 -1 -1 -1 -1 -1 -1 -1  1 -1 -1  1 -1 -1  1 -1 -1  1  1 -1 -1  1 -1 -1 -1 -1 -1 -1 -1  1
110 175212.jpg -1  1 -1 -1 -1 -1  1 -1 -1 -1 -1 -1 -1 -1 -1 -1 -1 -1 -1 -1 -1  1 -1 -1  1 -1 -1  1 -1 -1 -1 -1 -1 -1 -1 -1  1 -1 -1 -1
111 029963.jpg -1  1 -1 -1 -1  1 -1 -1 -1 -1 -1 -1 -1 -1 -1 -1 -1 -1 -1 -1 -1  1 -1 -1  1 -1  1 -1 -1 -1 -1  1 -1 -1 -1 -1 -1 -1 -1 -1
112 180204.jpg -1 -1  1 -1 -1 -1  1 -1 -1  1 -1 -1 -1 -1 -1 -1 -1 -1 -1 -1 -1 -1 -1 -1  1 -1 -1 -1 -1 -1 -1 -1 -1 -1 -1 -1 -1 -1 -1  1
113 026721.jpg -1 -1  1 -1 -1  1  1 -1 -1 -1 -1  1 -1 -1 -1 -1 -1 -1 -1  1 -1 -1 -1 -1  1  1 -1  1 -1 -1 -1  1 -1 -1  1 -1  1 -1 -1  1
114 057857.jpg -1 -1 -1 -1 -1 -1  1 -1 -1 -1 -1 -1 -1 -1 -1 -1 -1 -1 -1 -1 -1 -1 -1 -1  1 -1 -1 -1 -1 -1 -1 -1 -1 -1 -1 -1 -1 -1 -1  1
115 083395.jpg -1 -1 -1 -1 -1 -1 -1 -1 -1  1  1  1 -1 -1 -1 -1 -1 -1  1  1 -1  1 -1 -1  1 -1 -1  1 -1 -1 -1  1 -1  1 -1 -1  1  1 -1  1
116 159327.jpg -1  1 -1 -1 -1  1  1 -1 -1  1 -1 -1 -1 -1 -1 -1 -1 -1 -1 -1 -1 -1 -1 -1  1 -1 -1  1 -1 -1 -1 -1 -1 -1  1 -1 -1 -1 -1  1
117 157120.jpg -1  1 -1 -1 -1 -1  1  1  1 -1 -1 -1 -1 -1 -1 -1 -1 -1  1 -1 -1 -1 -1 -1  1 -1 -1  1 -1 -1 -1 -1 -1  1  1 -1  1  1 -1  1
118 001244.jpg -1 -1 -1 -1 -1  1 -1  1 -1 -1 -1  1 -1 -1 -1 -1 -1 -1  1  1 -1  1 -1 -1  1 -1 -1  1 -1 -1 -1  1 -1  1  1 -1  1  1 -1 -1
119 142092.jpg -1  1  1 -1 -1 -1  1 -1 -1  1 -1 -1 -1 -1 -1 -1 -1 -1  1  1 -1 -1 -1 -1  1 -1 -1  1 -1  1 -1  1 -1  1 -1 -1  1  1 -1  1
120 025868.jpg -1 -1 -1 -1 -1 -1 -1  1 -1 -1 -1 -1 -1  1 -1  1  1 -1 -1 -1  1  1 -1 -1 -1  1 -1 -1 -1 -1  1  1  1 -1 -1 -1 -1 -1 -1 -1
121 028211.jpg -1 -1 -1 -1 -1 -1 -1  1 -1 -1 -1  1  1 -1 -1 -1 -1 -1 -1 -1  1 -1 -1 -1  1 -1 -1  1 -1 -1 -1 -1 -1  1 -1 -1 -1  1 -1  1
122 151295.jpg -1 -1 -1 -1 -1 -1  1  1  1 -1 -1 -1  1 -1 -1 -1  1 -1 -1 -1  1  1  1 -1 -1 -1 -1 -1 -1 -1  1  1 -1 -1 -1 -1 -1 -1 -1 -1
123 171472.jpg -1  1  1  1 -1 -1 -1 -1 -1 -1 -1  1 -1 -1 -1 -1 -1 -1 -1  1 -1  1 -1 -1  1 -1 -1 -1 -1 -1 -1  1 -1  1 -1 -1 -1 -1 -1  1
124 004398.jpg -1  1  1 -1 -1  1  1 -1 -1  1 -1 -1 -1 -1 -1 -1 -1 -1  1  1 -1  1 -1 -1  1 -1 -1  1 -1 -1 -1  1 -1  1  1 -1  1 -1 -1  1
125 042090.jpg -1  1  1  1 -1 -1 -1 -1  1 -1 -1 -1 -1 -1 -1 -1 -1 -1 -1 -1 -1 -1 -1 -1  1 -1 -1  1 -1 -1 -1 -1 -1 -1 -1 -1  1 -1 -1  1
126 173792.jpg -1 -1  1 -1 -1 -1  1 -1 -1 -1 -1  1 -1 -1 -1 -1 -1 -1 -1 -1 -1 -1 -1 -1  1  1 -1 -1 -1 -1 -1 -1 -1 -1 -1 -1 -1 -1 -1  1
127 014339.jpg -1 -1 -1 -1 -1 -1  1 -1 -1 -1 -1 -1 -1 -1 -1 -1 -1  1 -1 -1 -1  1 -1 -1  1 -1 -1  1  1 -1 -1 -1 -1 -1 -1 -1 -1  1 -1 -1
128 180557.jpg -1  1  1 -1 -1 -1  1 -1 -1 -1 -1 -1 -1 -1 -1 -1 -1 -1  1  1 -1  1 -1 -1  1 -1 -1 -1 -1 -1 -1  1 -1 -1  1 -1  1 -1 -1  1
129 027930.jpg -1 -1  1 -1 -1 -1  1 -1 -1 -1 -1  1 -1 -1 -1 -1 -1 -1  1 -1 -1 -1 -1 -1  1 -1 -1 -1 -1 -1 -1 -1 -1 -1 -1 -1  1 -1 -1  1
130 017023.jpg -1  1  1 -1 -1 -1 -1 -1 -1 -1  1  1 -1 -1 -1 -1 -1 -1 -1 -1 -1 -1 -1 -1  1  1  1  1 -1 -1 -1 -1  1 -1 -1 -1 -1 -1 -1  1
131 043057.jpg -1 -1 -1 -1 -1  1  1 -1 -1 -1  1  1 -1 -1 -1 -1 -1 -1 -1 -1  1 -1 -1 -1  1 -1 -1  1 -1 -1 -1 -1  1 -1 -1 -1 -1 -1 -1  1
132 182124.jpg -1  1  1 -1 -1 -1  1 -1 -1  1 -1 -1 -1 -1 -1 -1 -1 -1  1 -1 -1 -1 -1 -1  1 -1 -1  1 -1  1 -1 -1 -1 -1 -1 -1  1  1 -1  1
133 180216.jpg -1  1  1 -1 -1 -1 -1 -1 -1 -1 -1  1 -1 -1 -1 -1 -1 -1  1 -1 -1  1 -1  1  1  1 -1 -1 -1 -1 -1 -1 -1  1 -1 -1  1 -1 -1  1
134 177201.jpg -1 -1 -1 -1 -1 -1 -1 -1 -1 -1 -1 -1 -1 -1 -1 -1 -1 -1 -1 -1 -1  1 -1 -1  1 -1 -1 -1 -1 -1 -1 -1 -1 -1 -1 -1 -1 -1 -1  1
135 132149.jpg -1 -1 -1 -1 -1 -1  1 -1 -1 -1 -1  1 -1 -1 -1 -1 -1 -1  1 -1 -1 -1 -1 -1  1 -1 -1 -1 -1 -1 -1 -1 -1  1 -1 -1  1 -1 -1  1
136 112552.jpg -1  1  1 -1 -1 -1  1 -1 -1 -1 -1  1 -1 -1 -1 -1 -1 -1  1  1 -1  1 -1 -1  1 -1 -1  1 -1 -1 -1  1 -1  1 -1 -1  1 -1 -1  1
137 130234.jpg -1 -1  1 -1 -1  1  1 -1 -1  1 -1 -1 -1 -1 -1 -1 -1 -1  1 -1 -1 -1 -1 -1  1  1 -1 -1 -1 -1 -1  1 -1  1 -1 -1  1 -1 -1  1
138 168805.jpg -1 -1 -1 -1 -1 -1  1  1 -1 -1 -1  1 -1 -1 -1  1 -1 -1 -1  1  1  1 -1 -1  1 -1 -1 -1 -1 -1 -1  1 -1 -1 -1 -1 -1 -1 -1  1
139 149864.jpg -1 -1 -1  1  1 -1 -1  1 -1 -1 -1 -1 -1 -1  1 -1 -1  1 -1  1  1 -1 -1 -1  1 -1 -1  1  1 -1 -1  1 -1 -1 -1 -1 -1 -1  1 -1
140 069305.jpg 1 -1 -1  1 -1  1 -1  1 -1 -1 -1  1 -1 -1 -1 -1 -1 -1 -1 -1  1 -1 -1 -1 -1 -1 -1  1 -1 -1  1 -1  1 -1 -1 -1 -1 -1 -1  1
141 027041.jpg 1 -1 -1 -1 -1 -1 -1  1 -1 -1  1  1 -1 -1 -1 -1 -1 -1 -1 -1  1 -1 -1 -1 -1 -1 -1 -1 -1 -1  1 -1 -1 -1 -1 -1 -1 -1 -1  1
142 013408.jpg -1  1  1 -1 -1 -1  1 -1 -1 -1 -1  1 -1 -1 -1 -1 -1 -1  1  1 -1  1 -1 -1  1  1 -1 -1 -1 -1 -1  1 -1 -1  1 -1  1  1 -1  1
143 182417.jpg -1  1  1 -1 -1  1  1 -1 -1 -1 -1  1 -1 -1 -1 -1 -1 -1  1  1 -1  1 -1 -1  1 -1 -1  1 -1 -1 -1  1 -1  1  1 -1  1 -1 -1  1
144 172952.jpg -1 -1 -1 -1 -1 -1  1 -1  1 -1 -1  1 -1 -1 -1 -1 -1 -1 -1 -1 -1 -1 -1 -1  1 -1 -1 -1 -1 -1 -1 -1 -1 -1 -1 -1 -1 -1 -1  1
145 039608.jpg -1  1 -1 -1 -1  1  1  1  1 -1 -1 -1 -1 -1 -1 -1 -1 -1  1  1 -1  1 -1 -1  1 -1 -1 -1 -1 -1 -1  1 -1  1  1 -1  1 -1 -1 -1
146 125170.jpg -1 -1 -1 -1 -1 -1  1 -1 -1 -1 -1  1 -1 -1 -1 -1 -1 -1 -1 -1 -1 -1 -1 -1  1 -1 -1 -1 -1 -1 -1 -1 -1  1 -1 -1 -1 -1 -1  1
147 067476.jpg -1 -1 -1 -1 -1  1  1 -1  1 -1 -1 -1 -1 -1 -1  1 -1 -1 -1 -1  1 -1 -1 -1  1 -1 -1 -1 -1 -1 -1 -1 -1 -1 -1 -1 -1 -1 -1  1
148 171115.jpg -1  1 -1 -1 -1 -1  1  1 -1 -1 -1  1 -1 -1 -1 -1 -1 -1  1  1 -1  1 -1  1  1 -1 -1 -1 -1  1 -1  1 -1 -1  1 -1  1 -1 -1 -1
149 076022.jpg -1  1  1 -1 -1 -1  1 -1 -1 -1 -1  1 -1 -1 -1 -1 -1 -1 -1 -1 -1 -1 -1 -1  1 -1 -1 -1  1 -1 -1 -1 -1 -1 -1 -1  1 -1 -1  1
150 131706.jpg -1  1 -1  1 -1 -1 -1  1 -1 -1 -1 -1 -1 -1  1 -1 -1  1  1  1 -1  1 -1 -1  1 -1 -1 -1 -1 -1 -1  1 -1  1  1 -1  1  1 -1 -1
151 177834.jpg -1 -1 -1 -1 -1  1  1  1 -1 -1 -1  1 -1 -1 -1 -1 -1 -1  1  1 -1  1 -1 -1  1 -1 -1 -1 -1 -1 -1  1 -1 -1 -1 -1  1  1 -1  1
152 038666.jpg -1 -1  1 -1 -1 -1 -1 -1 -1 -1 -1  1 -1 -1 -1 -1 -1 -1  1  1 -1 -1 -1 -1  1  1  1 -1 -1 -1 -1 -1 -1  1 -1 -1  1  1 -1  1
153 170719.jpg -1  1 -1 -1 -1  1  1  1 -1 -1 -1  1 -1 -1 -1 -1 -1 -1  1  1 -1  1 -1 -1  1 -1 -1 -1 -1 -1 -1  1 -1 -1  1 -1  1  1 -1 -1
154 090995.jpg -1 -1 -1 -1 -1 -1 -1 -1 -1 -1 -1  1 -1 -1 -1 -1 -1 -1 -1 -1 -1 -1 -1 -1  1 -1  1  1 -1 -1 -1 -1 -1 -1 -1 -1 -1 -1 -1  1
155 169038.jpg -1  1 -1  1 -1 -1  1 -1 -1 -1 -1 -1 -1 -1 -1 -1 -1 -1  1  1 -1  1 -1 -1  1 -1 -1  1 -1 -1 -1  1 -1 -1 -1 -1  1 -1 -1  1
156 109973.jpg -1  1  1 -1 -1  1 -1 -1 -1 -1 -1 -1 -1 -1 -1 -1 -1 -1 -1  1 -1  1 -1 -1  1  1 -1 -1 -1  1 -1  1  1 -1 -1 -1  1 -1 -1  1
157 166147.jpg -1  1  1 -1 -1 -1  1 -1 -1 -1 -1  1 -1 -1 -1 -1 -1 -1  1  1 -1  1 -1 -1  1  1 -1 -1 -1  1 -1  1  1 -1  1 -1  1 -1 -1  1
158 179726.jpg -1 -1 -1 -1 -1 -1 -1  1 -1 -1 -1 -1 -1 -1 -1  1 -1  1 -1 -1  1  1 -1 -1  1 -1  1 -1  1 -1 -1  1 -1 -1 -1 -1 -1 -1 -1 -1
159 056365.jpg 1 -1 -1 -1 -1 -1  1  1 -1 -1 -1  1 -1 -1 -1 -1 -1 -1 -1 -1  1 -1 -1 -1 -1 -1 -1  1 -1 -1 -1 -1 -1 -1 -1 -1 -1 -1 -1 -1
160 045296.jpg -1 -1 -1 -1 -1  1 -1  1 -1 -1 -1 -1 -1 -1 -1  1 -1  1 -1  1  1  1 -1 -1  1 -1 -1 -1 -1 -1 -1  1 -1 -1 -1 -1 -1 -1 -1 -1
161 117357.jpg -1 -1 -1 -1 -1 -1 -1  1  1 -1 -1 -1  1 -1 -1 -1  1 -1 -1 -1  1 -1  1 -1 -1  1 -1 -1 -1 -1  1 -1 -1 -1 -1 -1 -1 -1 -1 -1
162 093485.jpg 1 -1 -1  1 -1 -1 -1  1  1 -1 -1 -1 -1 -1  1  1 -1 -1 -1 -1  1  1 -1 -1 -1 -1 -1  1 -1 -1 -1  1  1 -1 -1 -1 -1 -1  1 -1
163 110488.jpg 1 -1 -1 -1 -1 -1 -1 -1 -1 -1 -1  1 -1 -1 -1  1 -1 -1 -1 -1  1 -1 -1 -1 -1 -1 -1 -1 -1 -1 -1 -1  1 -1 -1 -1 -1 -1 -1 -1
164 182546.jpg -1 -1 -1 -1 -1 -1 -1  1 -1 -1 -1 -1 -1 -1 -1  1  1 -1 -1 -1  1  1  1 -1 -1 -1 -1 -1 -1 -1 -1 -1 -1 -1 -1  1 -1 -1 -1 -1
165 159896.jpg -1 -1  1  1 -1 -1  1  1 -1 -1 -1  1  1 -1 -1 -1 -1 -1 -1  1  1  1 -1  1  1  1 -1 -1 -1 -1 -1  1  1 -1 -1 -1 -1 -1 -1  1
166 180544.jpg 1 -1  1 -1 -1 -1 -1 -1  1 -1 -1 -1 -1 -1 -1 -1 -1 -1 -1 -1  1 -1 -1 -1  1 -1  1 -1 -1 -1 -1 -1 -1 -1 -1 -1 -1 -1  1  1
167 172948.jpg -1 -1 -1 -1 -1 -1 -1 -1  1 -1 -1 -1 -1 -1 -1 -1 -1 -1 -1 -1 -1 -1 -1 -1  1 -1  1 -1 -1 -1 -1 -1 -1 -1 -1 -1 -1 -1 -1  1
168 012072.jpg 1 -1  1  1 -1 -1 -1  1 -1 -1 -1 -1 -1 -1 -1 -1 -1 -1 -1  1  1  1 -1 -1  1 -1 -1  1 -1 -1 -1  1 -1 -1 -1 -1 -1 -1 -1  1
169 070137.jpg -1 -1 -1 -1 -1  1  1  1 -1 -1 -1  1 -1 -1 -1 -1 -1 -1 -1 -1  1 -1 -1 -1  1 -1 -1 -1 -1 -1 -1  1  1 -1  1 -1 -1 -1 -1  1
170 163671.jpg -1 -1 -1 -1 -1 -1 -1  1 -1 -1 -1  1 -1  1  1 -1 -1 -1 -1 -1  1  1 -1  1  1 -1 -1 -1 -1 -1 -1 -1 -1 -1 -1 -1 -1 -1  1 -1
171 044127.jpg -1  1  1 -1 -1 -1 -1  1  1 -1 -1 -1  1 -1 -1 -1 -1 -1  1 -1 -1 -1 -1 -1  1  1 -1  1 -1 -1 -1 -1  1 -1 -1 -1  1 -1 -1  1
172 094717.jpg 1 -1  1 -1 -1 -1 -1 -1  1 -1 -1 -1  1 -1 -1 -1  1 -1 -1 -1  1  1 -1 -1 -1 -1 -1  1 -1 -1  1  1  1 -1 -1 -1 -1 -1 -1  1
173 063990.jpg -1  1 -1 -1 -1  1  1 -1 -1 -1 -1  1 -1 -1 -1 -1 -1 -1  1 -1 -1  1 -1 -1  1 -1 -1 -1 -1 -1 -1 -1 -1  1  1 -1  1  1 -1  1
174 018734.jpg -1 -1  1 -1 -1 -1 -1 -1 -1 -1 -1  1 -1 -1 -1 -1 -1 -1  1 -1 -1 -1 -1 -1  1  1 -1  1 -1 -1 -1 -1  1 -1 -1 -1  1 -1 -1  1
175 080317.jpg 1 -1 -1 -1 -1 -1 -1  1 -1 -1 -1  1 -1 -1 -1 -1  1 -1 -1 -1  1  1 -1  1 -1 -1 -1 -1 -1 -1 -1  1 -1 -1 -1 -1 -1 -1 -1 -1
176 053340.jpg 1 -1 -1  1 -1 -1 -1  1 -1 -1 -1  1 -1  1  1 -1 -1 -1 -1 -1  1 -1 -1 -1  1 -1 -1 -1 -1 -1 -1 -1  1 -1 -1 -1 -1 -1  1 -1
177 150351.jpg -1 -1 -1 -1 -1 -1 -1 -1 -1 -1 -1  1 -1 -1 -1  1  1 -1 -1 -1  1 -1  1 -1 -1 -1 -1 -1 -1 -1  1 -1  1 -1 -1 -1 -1 -1 -1 -1
178 037267.jpg 1 -1  1 -1 -1 -1 -1 -1  1 -1 -1 -1 -1 -1 -1 -1 -1 -1 -1 -1  1 -1 -1 -1 -1 -1 -1 -1 -1 -1 -1 -1 -1 -1 -1 -1 -1 -1 -1  1
179 139066.jpg 1 -1 -1  1 -1 -1 -1  1 -1 -1 -1 -1 -1 -1 -1 -1 -1 -1 -1 -1  1  1 -1 -1  1 -1 -1 -1 -1 -1 -1  1 -1 -1 -1 -1 -1 -1 -1 -1
180 010476.jpg 1 -1 -1 -1 -1 -1  1 -1 -1 -1 -1 -1  1 -1 -1 -1  1 -1 -1 -1  1  1  1 -1 -1 -1 -1 -1 -1 -1 -1 -1 -1 -1 -1 -1 -1 -1 -1  1
181 003672.jpg -1  1  1 -1 -1 -1 -1 -1 -1 -1 -1  1 -1 -1 -1 -1 -1 -1  1  1 -1  1 -1 -1  1 -1 -1  1 -1  1 -1  1 -1 -1  1 -1  1  1 -1  1
182 148107.jpg -1  1 -1 -1 -1 -1 -1 -1 -1 -1 -1 -1 -1 -1 -1 -1 -1 -1 -1  1 -1  1 -1 -1  1 -1 -1  1 -1 -1 -1  1 -1  1  1 -1  1  1 -1 -1
183 010169.jpg -1 -1 -1  1 -1 -1 -1  1  1 -1 -1 -1  1 -1 -1 -1 -1 -1 -1  1  1  1 -1  1  1 -1 -1 -1 -1 -1 -1  1 -1 -1  1 -1 -1 -1 -1  1
184 006359.jpg -1 -1 -1 -1 -1 -1 -1  1 -1 -1 -1 -1 -1 -1 -1 -1 -1 -1  1 -1 -1 -1 -1 -1  1 -1 -1  1 -1 -1 -1 -1 -1 -1 -1  1 -1 -1 -1 -1
185 020288.jpg -1 -1  1 -1 -1  1 -1 -1  1 -1 -1 -1  1 -1 -1 -1 -1 -1 -1  1  1 -1 -1 -1  1  1 -1  1 -1 -1 -1  1 -1 -1 -1 -1  1 -1 -1  1
186 110578.jpg -1 -1 -1 -1 -1 -1 -1 -1 -1 -1 -1 -1 -1 -1 -1 -1 -1 -1 -1 -1  1  1 -1  1  1 -1 -1 -1 -1 -1 -1 -1 -1 -1 -1 -1 -1 -1 -1  1
187 037047.jpg 1 -1 -1  1 -1 -1 -1 -1 -1 -1 -1 -1  1 -1 -1 -1 -1 -1 -1 -1  1 -1  1 -1 -1 -1 -1 -1 -1 -1  1 -1 -1 -1 -1 -1 -1 -1  1  1
188 041778.jpg -1 -1 -1 -1 -1  1 -1 -1 -1 -1 -1 -1 -1 -1 -1 -1 -1 -1 -1 -1  1 -1 -1 -1  1 -1 -1  1 -1 -1 -1 -1  1 -1 -1 -1 -1 -1 -1  1
189 087095.jpg -1  1  1 -1 -1 -1 -1 -1 -1  1 -1 -1 -1 -1 -1 -1 -1 -1 -1 -1 -1 -1 -1 -1  1 -1 -1 -1 -1 -1 -1 -1  1 -1 -1 -1 -1 -1 -1  1
190 104320.jpg -1  1  1 -1 -1 -1  1 -1 -1  1 -1 -1 -1 -1 -1 -1 -1 -1  1  1 -1 -1 -1 -1  1 -1 -1  1 -1  1 -1  1 -1  1  1 -1  1 -1 -1  1
191 059039.jpg -1 -1  1 -1 -1 -1  1  1 -1 -1 -1 -1 -1 -1 -1 -1 -1 -1  1  1 -1  1 -1 -1  1 -1 -1 -1 -1 -1 -1  1 -1  1  1 -1  1 -1 -1 -1
192 171572.jpg 1 -1  1 -1 -1 -1 -1 -1  1 -1 -1 -1  1 -1 -1 -1 -1 -1 -1 -1  1 -1  1  1 -1 -1 -1  1 -1 -1  1 -1 -1 -1 -1 -1 -1 -1  1  1
193 168766.jpg -1 -1 -1 -1 -1 -1 -1 -1 -1 -1 -1 -1 -1 -1 -1 -1 -1 -1 -1 -1  1 -1 -1  1  1 -1 -1 -1 -1 -1 -1 -1 -1 -1 -1 -1 -1 -1 -1  1
194 098283.jpg 1  1 -1  1 -1 -1  1  1  1 -1 -1 -1  1  1 -1 -1  1 -1 -1 -1  1 -1  1 -1 -1 -1 -1 -1  1 -1 -1 -1 -1 -1 -1 -1 -1 -1  1  1
195 126911.jpg -1  1 -1 -1 -1 -1  1 -1  1 -1 -1 -1 -1 -1 -1 -1 -1 -1  1 -1 -1 -1 -1  1  1  1 -1 -1 -1 -1 -1 -1 -1  1  1 -1  1  1 -1  1
196 173783.jpg -1  1  1 -1 -1 -1 -1 -1 -1  1 -1 -1 -1 -1 -1 -1 -1 -1  1  1 -1 -1 -1 -1  1  1 -1 -1 -1 -1 -1  1 -1 -1 -1 -1  1  1 -1  1
197 078592.jpg -1  1  1 -1 -1 -1 -1 -1 -1 -1 -1  1 -1 -1 -1 -1 -1 -1 -1 -1 -1 -1 -1 -1  1 -1 -1  1 -1 -1 -1 -1 -1  1  1 -1 -1 -1 -1  1
198 113145.jpg -1 -1  1 -1 -1 -1 -1 -1 -1  1 -1 -1 -1 -1 -1 -1 -1 -1  1  1 -1  1 -1 -1  1  1 -1 -1 -1  1 -1  1  1 -1 -1 -1  1 -1 -1  1
199 163819.jpg -1  1  1 -1 -1 -1 -1 -1 -1 -1 -1 -1 -1 -1 -1 -1 -1 -1  1 -1 -1 -1 -1 -1  1 -1 -1 -1 -1 -1 -1 -1 -1  1 -1 -1  1 -1 -1  1
200 182596.jpg -1 -1 -1 -1 -1 -1 -1 -1 -1 -1 -1 -1 -1 -1 -1 -1 -1 -1  1  1 -1 -1 -1 -1  1 -1 -1  1 -1  1 -1  1 -1 -1  1 -1  1 -1 -1 -1
201 000954.jpg -1 -1 -1 -1 -1 -1 -1  1  1 -1 -1 -1  1 -1 -1 -1 -1 -1 -1  1  1  1 -1 -1  1 -1 -1 -1 -1 -1 -1  1  1 -1 -1 -1 -1 -1 -1  1
202 172588.jpg -1 -1 -1  1  1 -1 -1  1 -1 -1 -1 -1 -1  1 -1 -1  1  1 -1 -1  1 -1  1  1 -1 -1 -1 -1  1 -1  1 -1 -1 -1 -1 -1 -1 -1 -1 -1
203 055553.jpg 1 -1  1 -1 -1 -1 -1  1 -1 -1 -1 -1  1 -1 -1 -1 -1 -1 -1  1  1  1 -1 -1 -1 -1 -1 -1 -1 -1 -1  1  1 -1 -1 -1 -1 -1 -1  1
204 171447.jpg -1 -1 -1 -1 -1 -1 -1 -1 -1 -1 -1 -1 -1 -1 -1 -1  1 -1 -1 -1  1  1  1 -1 -1 -1 -1  1 -1 -1  1  1 -1  1 -1 -1 -1 -1 -1 -1
205 103253.jpg 1 -1 -1 -1 -1 -1 -1 -1 -1 -1 -1 -1 -1 -1 -1 -1 -1 -1 -1 -1  1 -1 -1 -1 -1 -1 -1 -1 -1 -1  1 -1 -1 -1 -1  1 -1 -1 -1 -1
206 131075.jpg 1 -1 -1 -1 -1 -1 -1 -1 -1 -1 -1 -1 -1 -1  1 -1 -1 -1 -1 -1  1 -1 -1 -1  1 -1 -1  1 -1 -1 -1 -1 -1 -1 -1 -1 -1 -1  1 -1
207 130148.jpg -1 -1 -1 -1 -1  1 -1 -1 -1 -1  1 -1 -1 -1 -1 -1 -1 -1 -1 -1  1 -1 -1 -1  1 -1 -1 -1 -1 -1 -1 -1 -1 -1 -1 -1 -1 -1  1 -1
208 010506.jpg 1 -1 -1  1 -1 -1 -1 -1 -1 -1 -1 -1 -1 -1  1 -1 -1 -1 -1 -1  1 -1 -1  1 -1 -1 -1 -1 -1 -1 -1 -1 -1 -1 -1 -1 -1 -1  1 -1
209 106394.jpg -1 -1 -1 -1 -1 -1 -1 -1 -1 -1  1 -1 -1 -1 -1 -1 -1 -1 -1 -1  1 -1 -1 -1  1 -1 -1 -1 -1 -1 -1 -1 -1 -1 -1 -1 -1 -1 -1  1
210 103400.jpg -1 -1 -1 -1 -1 -1 -1 -1 -1  1 -1 -1 -1 -1 -1 -1 -1 -1 -1 -1  1 -1 -1 -1  1 -1 -1 -1 -1 -1 -1 -1  1 -1 -1 -1 -1 -1 -1  1
211 021315.jpg 1 -1 -1 -1 -1 -1 -1  1  1 -1 -1 -1  1 -1 -1 -1 -1 -1 -1 -1  1 -1 -1 -1  1 -1 -1  1 -1 -1 -1 -1  1 -1 -1 -1 -1 -1 -1  1
212 173973.jpg 1 -1 -1 -1 -1 -1 -1  1 -1 -1 -1 -1 -1 -1 -1 -1 -1 -1 -1 -1  1 -1 -1 -1 -1 -1 -1  1 -1 -1  1 -1 -1 -1 -1 -1 -1 -1 -1 -1
213 152890.jpg -1 -1 -1  1 -1 -1  1  1  1 -1 -1 -1  1  1 -1 -1  1 -1 -1 -1  1 -1  1 -1 -1  1 -1 -1 -1 -1 -1 -1 -1 -1 -1 -1 -1 -1 -1  1
214 034103.jpg -1  1  1 -1 -1 -1 -1  1 -1  1 -1 -1 -1 -1 -1 -1 -1 -1  1  1 -1  1 -1  1  1  1 -1 -1 -1 -1 -1  1  1 -1  1 -1  1 -1 -1  1
215 004190.jpg -1  1  1 -1 -1 -1 -1 -1 -1  1 -1 -1 -1 -1 -1 -1 -1 -1  1  1 -1  1 -1 -1  1 -1 -1  1 -1  1 -1  1 -1  1 -1 -1  1 -1 -1  1
216 023580.jpg -1 -1  1 -1 -1 -1 -1 -1 -1  1 -1 -1 -1 -1 -1 -1 -1 -1  1  1 -1  1 -1  1  1  1 -1 -1 -1 -1 -1  1 -1  1 -1 -1  1 -1 -1  1
217 093550.jpg -1 -1 -1 -1 -1  1 -1  1 -1  1 -1 -1 -1 -1 -1 -1 -1 -1  1 -1 -1 -1 -1 -1  1 -1 -1 -1 -1 -1 -1 -1  1 -1 -1 -1  1 -1 -1  1
218 157076.jpg -1 -1  1 -1 -1  1 -1 -1 -1  1 -1 -1 -1 -1 -1 -1 -1 -1  1 -1 -1  1 -1 -1  1 -1 -1 -1 -1 -1 -1 -1 -1 -1 -1 -1  1 -1 -1  1
219 078893.jpg -1 -1 -1 -1 -1 -1 -1 -1 -1 -1 -1  1 -1 -1 -1 -1 -1 -1 -1 -1 -1 -1 -1 -1  1 -1 -1 -1 -1 -1 -1 -1 -1  1 -1 -1  1  1 -1  1
220 049379.jpg -1  1  1 -1 -1 -1 -1  1 -1 -1 -1 -1  1 -1 -1 -1 -1 -1  1 -1 -1 -1 -1 -1  1  1 -1  1 -1 -1 -1  1 -1 -1 -1 -1  1 -1 -1  1
221 144867.jpg -1  1  1 -1 -1 -1 -1 -1 -1  1 -1 -1 -1 -1 -1 -1 -1 -1  1  1 -1  1 -1  1  1 -1 -1  1 -1  1 -1  1  1 -1  1 -1  1 -1 -1  1
222 133355.jpg -1  1 -1 -1 -1 -1 -1 -1 -1 -1 -1  1 -1 -1 -1 -1 -1 -1  1 -1 -1  1 -1 -1  1 -1 -1  1 -1  1 -1 -1 -1  1 -1 -1 -1 -1 -1  1
223 098340.jpg -1  1 -1  1 -1 -1 -1 -1 -1 -1 -1  1 -1 -1 -1 -1 -1 -1 -1  1 -1  1 -1 -1  1 -1 -1  1 -1 -1 -1  1 -1 -1 -1 -1 -1  1 -1  1
224 115613.jpg -1  1  1 -1 -1 -1 -1 -1  1 -1 -1 -1 -1 -1 -1 -1 -1 -1  1  1 -1  1 -1 -1  1 -1 -1  1 -1 -1 -1  1  1 -1 -1  1  1  1 -1  1
225 030127.jpg 1 -1  1 -1 -1 -1 -1 -1  1 -1 -1 -1  1 -1 -1 -1  1 -1 -1 -1  1 -1 -1 -1 -1 -1 -1  1 -1 -1  1 -1  1 -1 -1 -1 -1 -1  1  1
226 124746.jpg -1 -1  1  1 -1 -1 -1 -1  1 -1 -1 -1  1 -1 -1 -1 -1 -1 -1  1  1  1 -1  1  1 -1 -1 -1 -1 -1 -1  1  1 -1 -1 -1 -1 -1 -1  1
227 147588.jpg -1  1  1 -1 -1 -1 -1 -1 -1  1 -1 -1 -1 -1 -1 -1 -1 -1  1 -1 -1 -1 -1 -1  1 -1 -1  1 -1 -1 -1 -1 -1 -1 -1 -1  1  1 -1  1
228 121014.jpg -1 -1  1 -1 -1 -1 -1 -1 -1  1 -1 -1 -1 -1 -1 -1 -1 -1 -1  1 -1  1 -1 -1  1  1 -1 -1 -1  1 -1  1 -1 -1 -1 -1  1 -1 -1  1
229 032256.jpg -1  1  1  1 -1 -1 -1  1 -1 -1 -1 -1 -1 -1 -1 -1 -1 -1  1  1 -1  1 -1 -1  1 -1 -1 -1 -1  1 -1  1 -1  1  1 -1  1 -1 -1  1
230 037898.jpg -1  1  1 -1 -1 -1  1 -1 -1 -1 -1 -1 -1 -1 -1 -1 -1 -1  1 -1 -1 -1 -1 -1  1 -1 -1 -1  1 -1 -1 -1 -1 -1 -1 -1  1 -1 -1  1
231 182410.jpg -1 -1 -1 -1 -1 -1 -1 -1 -1  1 -1 -1 -1 -1 -1 -1 -1 -1 -1  1 -1 -1 -1 -1  1 -1 -1  1 -1 -1 -1  1 -1  1  1 -1 -1 -1 -1  1
232 084731.jpg -1 -1  1 -1 -1  1 -1  1 -1 -1 -1  1  1 -1 -1 -1 -1 -1 -1 -1  1 -1 -1 -1  1 -1 -1 -1 -1 -1 -1 -1 -1 -1 -1 -1 -1 -1 -1  1
233 171988.jpg -1 -1  1 -1 -1 -1 -1 -1 -1 -1 -1  1 -1 -1 -1 -1 -1 -1  1 -1 -1  1 -1 -1  1 -1 -1 -1 -1 -1 -1 -1 -1  1 -1 -1  1 -1 -1  1
234 166167.jpg -1 -1 -1  1 -1 -1 -1  1  1 -1 -1 -1 -1 -1 -1 -1 -1 -1 -1 -1  1  1 -1 -1  1 -1 -1 -1 -1 -1 -1  1 -1 -1 -1 -1 -1 -1  1  1
235 118928.jpg 1 -1 -1  1 -1 -1 -1  1  1 -1 -1 -1  1 -1 -1 -1 -1 -1 -1 -1  1 -1 -1 -1  1 -1 -1 -1 -1 -1 -1 -1  1 -1 -1 -1 -1 -1  1  1
236 066820.jpg 1 -1 -1  1 -1 -1 -1  1 -1 -1 -1  1 -1  1 -1 -1  1 -1 -1 -1  1 -1  1 -1 -1 -1 -1 -1 -1 -1  1  1 -1 -1 -1 -1 -1 -1 -1 -1
237 085052.jpg -1 -1 -1 -1 -1  1 -1 -1 -1 -1 -1 -1  1 -1 -1 -1 -1 -1 -1 -1  1 -1 -1 -1  1 -1 -1 -1 -1 -1 -1 -1  1 -1 -1 -1 -1 -1  1  1
238 129344.jpg -1 -1  1  1 -1 -1 -1  1  1 -1 -1 -1  1 -1 -1 -1 -1 -1 -1 -1  1 -1 -1 -1 -1 -1 -1  1 -1 -1 -1 -1 -1 -1 -1 -1 -1 -1 -1  1
239 112470.jpg 1 -1 -1 -1 -1 -1 -1  1 -1 -1 -1 -1  1 -1 -1 -1 -1 -1 -1 -1  1 -1 -1  1 -1 -1 -1 -1 -1 -1 -1 -1 -1 -1 -1 -1 -1 -1 -1  1
240 180355.jpg 1 -1 -1 -1 -1 -1 -1  1  1 -1 -1 -1  1 -1 -1 -1  1 -1 -1 -1  1 -1  1 -1 -1 -1 -1 -1 -1 -1  1 -1 -1  1 -1 -1 -1 -1 -1  1
241 072371.jpg -1  1  1 -1 -1 -1 -1 -1 -1 -1 -1 -1 -1 -1 -1 -1 -1 -1 -1 -1 -1 -1 -1 -1  1 -1 -1  1 -1 -1 -1 -1  1 -1  1 -1 -1 -1 -1  1
242 104631.jpg -1  1 -1  1  1 -1 -1  1 -1 -1 -1 -1  1  1  1 -1 -1  1 -1  1  1 -1 -1 -1  1 -1 -1 -1  1 -1 -1  1 -1 -1 -1 -1 -1 -1  1 -1
243 051217.jpg -1 -1 -1  1 -1 -1 -1  1 -1 -1  1 -1 -1  1 -1 -1 -1 -1 -1 -1  1 -1  1 -1 -1 -1 -1 -1 -1 -1  1 -1 -1 -1 -1 -1 -1 -1 -1 -1
244 036382.jpg 1  1  1  1 -1 -1 -1  1 -1 -1 -1 -1  1 -1 -1 -1  1 -1 -1 -1  1  1 -1 -1 -1 -1 -1 -1 -1 -1  1  1  1 -1 -1 -1 -1 -1  1  1
245 040228.jpg -1  1  1  1 -1  1 -1 -1 -1  1 -1 -1 -1 -1 -1 -1 -1 -1  1  1 -1  1 -1 -1  1  1 -1  1 -1 -1 -1  1  1 -1  1 -1  1 -1 -1 -1
246 181662.jpg -1 -1 -1 -1 -1  1 -1  1 -1  1 -1 -1 -1 -1 -1 -1 -1 -1 -1  1 -1  1 -1 -1  1 -1 -1 -1 -1 -1 -1  1 -1 -1 -1 -1 -1  1 -1 -1
247 013665.jpg -1 -1  1 -1 -1 -1 -1  1  1 -1 -1 -1  1 -1 -1 -1 -1 -1 -1  1  1  1 -1 -1 -1 -1 -1 -1 -1 -1 -1  1 -1 -1 -1 -1 -1 -1 -1  1
248 172522.jpg -1  1  1 -1 -1  1 -1  1 -1 -1 -1 -1 -1 -1 -1 -1 -1 -1  1  1 -1  1 -1 -1  1 -1 -1 -1 -1 -1 -1  1 -1  1 -1  1  1 -1 -1  1
249 181214.jpg -1 -1 -1 -1 -1 -1 -1  1 -1 -1 -1 -1 -1 -1 -1 -1 -1 -1 -1  1 -1  1 -1  1  1  1 -1 -1 -1 -1 -1  1 -1 -1  1  1  1 -1 -1  1
250 157843.jpg -1 -1  1 -1 -1 -1 -1 -1 -1  1 -1 -1 -1 -1 -1 -1 -1 -1  1  1 -1  1 -1 -1  1  1 -1 -1 -1  1 -1  1 -1 -1  1 -1  1 -1 -1  1
251 104172.jpg -1 -1 -1 -1 -1  1 -1 -1 -1 -1  1  1 -1 -1 -1 -1 -1 -1 -1 -1  1 -1 -1  1  1 -1 -1 -1 -1 -1 -1 -1 -1 -1 -1 -1 -1 -1 -1  1
252 002712.jpg -1 -1  1 -1 -1 -1 -1 -1  1 -1 -1 -1 -1 -1 -1 -1 -1 -1  1  1 -1  1 -1 -1  1 -1 -1  1 -1 -1 -1  1 -1 -1 -1 -1  1  1 -1  1
253 159938.jpg -1 -1  1 -1 -1 -1 -1 -1 -1 -1 -1  1 -1 -1 -1 -1 -1 -1 -1 -1 -1 -1 -1 -1  1 -1 -1 -1 -1 -1 -1 -1  1 -1 -1 -1 -1 -1 -1  1
254 022372.jpg -1 -1 -1  1 -1 -1 -1 -1 -1 -1 -1 -1 -1 -1 -1 -1 -1 -1 -1 -1  1 -1 -1 -1  1 -1 -1  1 -1 -1 -1 -1 -1 -1 -1 -1 -1 -1 -1  1
255 101025.jpg -1 -1  1 -1 -1 -1 -1 -1 -1 -1 -1 -1 -1 -1 -1 -1 -1 -1  1 -1 -1 -1 -1 -1  1  1 -1 -1 -1 -1 -1 -1 -1 -1  1 -1  1 -1 -1  1
256 075201.jpg -1 -1  1 -1 -1 -1 -1 -1 -1 -1 -1  1 -1 -1 -1 -1 -1 -1  1  1 -1  1 -1 -1  1 -1 -1  1 -1 -1 -1  1 -1  1  1 -1  1 -1 -1  1
257 156035.jpg -1 -1 -1  1 -1 -1 -1 -1 -1 -1 -1  1 -1 -1 -1 -1 -1 -1 -1 -1 -1  1 -1 -1  1 -1 -1  1 -1 -1 -1 -1 -1 -1  1 -1 -1 -1 -1  1
258 106133.jpg -1 -1  1  1 -1 -1 -1 -1 -1 -1 -1 -1 -1 -1 -1 -1 -1 -1 -1  1 -1  1 -1 -1  1 -1 -1 -1 -1 -1 -1  1 -1 -1  1 -1  1 -1 -1  1
259 147777.jpg -1 -1 -1  1 -1  1 -1 -1 -1  1 -1 -1 -1 -1 -1 -1 -1 -1 -1  1 -1  1 -1  1  1 -1 -1 -1 -1 -1 -1  1 -1  1  1 -1 -1 -1 -1 -1
260 170881.jpg -1  1 -1 -1 -1 -1 -1 -1 -1  1 -1 -1 -1 -1 -1 -1 -1 -1  1 -1 -1  1 -1 -1  1 -1 -1  1 -1  1 -1  1 -1 -1  1 -1  1 -1 -1 -1
261 009529.jpg -1  1 -1 -1 -1 -1 -1  1  1 -1 -1 -1  1 -1 -1 -1 -1 -1  1 -1 -1 -1 -1 -1  1 -1 -1  1 -1  1 -1 -1 -1 -1  1 -1  1 -1 -1  1
262 055604.jpg -1  1  1 -1 -1  1 -1 -1 -1  1 -1 -1 -1 -1 -1 -1 -1 -1  1  1 -1  1 -1 -1  1 -1 -1  1 -1  1 -1  1  1 -1  1 -1  1  1 -1  1
263 031549.jpg -1  1  1  1 -1 -1 -1  1 -1  1 -1 -1 -1 -1 -1 -1 -1 -1  1  1 -1  1 -1 -1  1 -1 -1 -1 -1  1 -1  1 -1  1 -1 -1  1  1 -1  1
264 032514.jpg -1  1  1 -1 -1 -1 -1 -1 -1  1 -1 -1 -1 -1 -1 -1 -1 -1  1  1 -1  1 -1 -1  1 -1 -1  1 -1 -1 -1  1 -1  1 -1 -1  1 -1 -1  1
265 164829.jpg -1  1 -1 -1 -1 -1 -1 -1 -1 -1 -1 -1 -1 -1 -1 -1 -1 -1  1 -1 -1 -1 -1 -1  1 -1 -1 -1 -1 -1 -1 -1 -1 -1  1 -1  1 -1 -1  1
266 063798.jpg 1 -1 -1 -1 -1 -1 -1  1 -1 -1  1 -1  1 -1 -1 -1 -1 -1 -1 -1  1 -1 -1 -1 -1 -1 -1 -1 -1 -1  1 -1 -1 -1 -1 -1 -1 -1 -1  1
267 074007.jpg -1  1  1  1 -1 -1  1 -1  1 -1 -1 -1  1 -1 -1 -1 -1 -1  1  1 -1 -1 -1 -1  1 -1 -1 -1 -1 -1 -1  1 -1 -1  1 -1  1 -1 -1  1
268 008075.jpg -1  1  1  1 -1  1 -1 -1 -1  1 -1 -1 -1 -1 -1 -1 -1 -1  1  1 -1  1 -1 -1  1 -1 -1  1 -1 -1 -1  1 -1  1 -1 -1  1  1 -1  1
269 032752.jpg -1 -1  1 -1 -1 -1 -1 -1 -1  1 -1 -1 -1 -1 -1 -1 -1 -1 -1  1 -1 -1 -1 -1  1 -1 -1 -1 -1 -1 -1 -1 -1  1  1 -1  1 -1 -1  1
270 137198.jpg -1  1 -1 -1 -1  1 -1 -1 -1  1 -1 -1 -1 -1 -1 -1 -1 -1 -1 -1 -1  1 -1 -1  1 -1 -1  1 -1 -1 -1 -1 -1  1 -1 -1  1 -1 -1  1
271 164554.jpg -1  1  1 -1 -1 -1 -1 -1 -1 -1 -1 -1 -1 -1 -1 -1 -1 -1  1 -1 -1 -1 -1 -1  1  1 -1  1 -1 -1 -1 -1 -1 -1  1 -1  1 -1 -1  1
272 174800.jpg -1 -1  1 -1 -1  1 -1 -1 -1 -1 -1 -1 -1 -1 -1 -1 -1 -1 -1 -1 -1 -1 -1 -1  1 -1  1 -1 -1 -1 -1 -1 -1 -1  1 -1 -1 -1 -1  1
273 017299.jpg -1 -1  1  1 -1 -1 -1 -1 -1 -1 -1 -1 -1 -1 -1 -1 -1 -1  1  1 -1  1 -1 -1  1 -1 -1  1 -1 -1 -1  1 -1  1  1 -1  1 -1 -1  1
274 042582.jpg -1 -1  1 -1 -1 -1 -1 -1 -1  1 -1 -1 -1 -1 -1 -1 -1 -1 -1  1 -1  1 -1 -1  1  1 -1  1 -1 -1 -1  1 -1  1 -1 -1  1  1 -1  1
275 085667.jpg 1 -1 -1 -1 -1 -1 -1 -1 -1 -1 -1 -1 -1 -1 -1 -1 -1 -1 -1 -1  1 -1 -1  1  1 -1 -1 -1 -1 -1 -1 -1 -1 -1 -1 -1 -1 -1 -1  1
276 044685.jpg -1 -1 -1  1 -1 -1 -1  1 -1 -1 -1 -1 -1  1  1 -1 -1 -1 -1  1  1 -1  1 -1 -1 -1 -1 -1 -1 -1 -1  1 -1 -1 -1  1 -1 -1 -1 -1
277 000648.jpg -1  1  1  1 -1 -1 -1 -1 -1 -1 -1 -1 -1 -1 -1 -1 -1 -1 -1  1 -1  1 -1 -1  1 -1 -1 -1 -1 -1 -1  1 -1 -1 -1 -1 -1 -1 -1  1
278 099424.jpg -1 -1  1 -1 -1 -1 -1 -1 -1 -1 -1 -1 -1 -1 -1 -1 -1 -1 -1 -1 -1 -1 -1 -1  1 -1 -1  1 -1 -1 -1 -1 -1 -1 -1 -1  1  1 -1  1
279 028612.jpg -1 -1 -1  1 -1 -1 -1 -1 -1  1 -1 -1 -1 -1 -1 -1 -1 -1 -1  1 -1  1 -1 -1  1 -1  1 -1 -1 -1 -1  1  1 -1 -1 -1 -1 -1 -1  1
280 177416.jpg -1 -1 -1 -1 -1  1  1  1 -1  1 -1 -1 -1 -1 -1 -1 -1 -1  1  1 -1  1 -1 -1  1 -1 -1 -1 -1  1 -1  1 -1  1 -1 -1  1  1 -1 -1
281 102703.jpg -1  1 -1  1 -1 -1  1  1 -1 -1 -1 -1 -1 -1 -1 -1 -1 -1  1  1 -1 -1 -1 -1  1 -1 -1 -1  1 -1 -1  1 -1 -1  1 -1  1  1 -1 -1
282 020878.jpg -1  1  1 -1 -1 -1 -1 -1 -1 -1 -1 -1 -1 -1 -1 -1 -1 -1  1 -1 -1 -1 -1 -1  1  1 -1 -1 -1 -1 -1 -1  1 -1 -1 -1  1 -1 -1  1
283 098264.jpg 1 -1 -1  1 -1 -1 -1 -1 -1 -1 -1  1 -1 -1 -1 -1  1 -1 -1 -1  1 -1  1 -1 -1 -1 -1  1 -1 -1  1 -1 -1 -1 -1 -1 -1 -1 -1 -1
284 108526.jpg -1 -1 -1 -1 -1 -1 -1 -1 -1 -1 -1 -1 -1 -1 -1 -1 -1 -1  1 -1 -1 -1 -1 -1  1 -1 -1  1 -1  1 -1 -1 -1 -1 -1  1  1  1 -1 -1
285 167527.jpg -1 -1 -1 -1 -1  1 -1  1 -1 -1 -1  1 -1 -1 -1 -1 -1 -1  1  1 -1  1 -1 -1  1 -1 -1 -1 -1 -1 -1 -1  1 -1 -1 -1  1 -1 -1 -1
286 066829.jpg -1 -1 -1 -1 -1 -1 -1 -1  1 -1 -1 -1  1 -1 -1 -1 -1 -1 -1 -1 -1 -1 -1  1  1 -1 -1 -1 -1 -1 -1 -1 -1  1  1 -1 -1 -1 -1  1
287 170506.jpg -1 -1  1 -1 -1 -1 -1 -1 -1 -1 -1 -1 -1 -1 -1 -1 -1 -1 -1  1 -1  1 -1 -1  1 -1 -1 -1 -1 -1 -1 -1 -1  1 -1 -1  1 -1 -1  1
288 167736.jpg -1 -1 -1 -1 -1  1 -1 -1 -1 -1 -1  1 -1 -1 -1 -1 -1 -1  1  1 -1  1 -1 -1  1 -1 -1  1 -1 -1 -1  1 -1  1  1 -1  1 -1 -1 -1
289 008731.jpg -1  1  1 -1 -1 -1  1 -1 -1 -1 -1  1 -1 -1 -1 -1 -1 -1  1  1 -1 -1 -1 -1  1 -1 -1  1 -1  1 -1 -1 -1  1 -1 -1  1 -1 -1  1
290 163028.jpg -1 -1 -1  1 -1 -1 -1 -1 -1 -1 -1 -1 -1 -1 -1 -1 -1 -1 -1 -1 -1 -1 -1 -1  1 -1 -1  1 -1 -1 -1 -1 -1 -1  1 -1 -1 -1 -1 -1
291 060693.jpg -1 -1 -1 -1 -1 -1 -1 -1 -1 -1  1 -1 -1 -1 -1 -1 -1 -1 -1 -1 -1 -1 -1 -1  1 -1 -1 -1 -1 -1 -1  1 -1  1 -1 -1 -1 -1 -1 -1
292 115013.jpg -1 -1 -1 -1 -1 -1  1 -1 -1  1 -1 -1 -1 -1 -1  1 -1 -1 -1  1 -1  1 -1 -1  1 -1 -1 -1 -1 -1 -1  1 -1  1 -1 -1  1  1 -1 -1
293 086609.jpg -1  1  1 -1 -1 -1 -1 -1 -1 -1 -1 -1 -1 -1 -1 -1 -1 -1  1 -1 -1 -1 -1 -1  1 -1 -1  1 -1 -1 -1 -1 -1  1 -1 -1  1  1 -1  1
294 048981.jpg -1 -1  1 -1 -1 -1 -1 -1 -1 -1 -1 -1 -1 -1 -1 -1 -1 -1  1 -1 -1 -1 -1 -1  1 -1 -1 -1 -1 -1 -1 -1 -1 -1 -1  1 -1  1 -1  1
295 120494.jpg -1 -1  1 -1 -1 -1 -1 -1 -1 -1 -1 -1 -1 -1 -1 -1 -1 -1  1  1 -1 -1 -1 -1  1 -1 -1  1 -1 -1 -1 -1 -1 -1 -1 -1  1 -1 -1  1
296 108730.jpg -1  1  1 -1 -1 -1 -1 -1 -1 -1 -1 -1 -1 -1 -1 -1 -1 -1  1 -1 -1 -1 -1 -1  1 -1 -1  1 -1 -1 -1 -1 -1 -1 -1 -1  1 -1 -1  1
297 040073.jpg -1 -1  1 -1 -1 -1 -1 -1 -1 -1 -1 -1 -1 -1 -1 -1 -1 -1 -1 -1 -1 -1 -1 -1  1 -1 -1  1 -1 -1 -1 -1 -1 -1 -1 -1 -1 -1 -1  1
298 027442.jpg -1  1 -1 -1 -1 -1 -1  1 -1  1 -1 -1 -1 -1 -1 -1 -1 -1  1  1 -1  1 -1 -1  1 -1 -1  1 -1 -1 -1  1 -1 -1  1 -1  1 -1 -1  1
299 167641.jpg -1 -1 -1  1 -1  1 -1  1 -1 -1 -1 -1 -1 -1 -1 -1 -1 -1 -1  1 -1 -1 -1 -1  1 -1 -1 -1 -1 -1 -1  1 -1 -1 -1 -1 -1 -1 -1 -1
